311
320
4943
4178
318
4548
5207
1801
1459
2673
2819
5863
4525
5899
317
2422
3133
1664
4547
4775
2644
2686
1493
5380
5525
2160
3273
4264
2930
4230
2133
2908
4665
653
2502
3616
4068
3275
665
2336
1927
1549
1582
1318
3642
417
1305
5904
2128
277
421
2516
640
4871
1993
3633
2527
1351
1751
3234
2923
2111
3407
213
2714
2977
4419
4614
4554
2234
98
3324
5027
5215
2037
6038
1282
2893
1615
4393
932
703
4332
951
356
197
1488
4992
2292
761
2295
3188
3376
383
4741
4110
89
5804
341
3552
315
572
5439
1431
3530
4527
4749
1452
5465
2640
2488
947
3969
574
2884
4383
5258
1250
1406
5052
5409
2759
1783
3488
250
5116
1126
5145
3883
1385
5725
5174
5117
3021
5314
4464
3225
3222
4463
1713
1384
5529
4259
3623
833
4065
2530
1363
5159
3068
3291
4881
4244
2381
5168
5533
2584
5309
821
2373
1708
3897
4880
217
4628
1157
226
1534
3495
1307
907
1844
5012
708
2696
1226
5216
4398
3176
1621
3388
4991
1070
4192
559
2061
906
4365
535
4558
2207
94
3787
2467
160
4
5828
6034
158
5810
